4007050024
4007050030
4007050033
4007050042
4007050045
4007050053
4007050057
4007050059
4007050063
4007050074
4007050082
4007050083
4007050092
4007050093
4007050101
4007050106
4007050131
4007050132
4007050134
4007050136
4007050137
4007050140
4007050150
4007050151
4007050159
4007050161
4007050162
4007050164
4007050165
4007050171
4007050175
4007050182
4007050183
4007050184
4007050187
4007050190
4007050191
4007050195
4007050201
4007050204
4007050207
4007050212
4007050217
4007050228
4007050238
4007050250
4007050255
4007050266
4007050277
4007050290
4007050304
4007050305
4007050320
4007050321
4007050323
4007050335
4007050337
4007050341
4007050345
4007050363
4007050366
4007050369
4007050370
4007050371
4007050377
4007050381
4007050383
4007050385
4007050408
4007050418
4007050434
4007050440
4007050460
4007050464
4007050488
4007050503
4007050510
4007050523
4007050530
4007050535
4007050543
4007050565
4007050567
4007050583
4007050589
4007050590
4007050591
4007050595
4007050599
4007050601
4007050602
4007050603
4007050610
4007050620
4007050623
4007050626
4007050650
4007050655
4007050661
4007050663
4007050667
4007050682
4007050687
4007050689
4007050701
4007050704
4007050710
4007050715
4007050727
4007050737
4007050739
4007050747
4007050758
4007050768
4007050770
4007050773
4007050775
4007050780
4007050783
4007050788
4007050801
4007050802
4007050805
4007050806
4007050809
4007050811
4007050820
4007050828
4007050830
4007050833
4007050840
4007050850
4007050860
4007050882
4007050883
4007050885
4007050886
4007050893
4007050897
4007050899
4007050939
4007050960
4007050966
4007050981
4007050987
4007050989
4007050992
4007050994
4007050995
4007051001
4007051004
4007051009
4007051011
4007051018
4007051050
4007051058
4007051077
4007051080
4007051090
4007051102
4007051112
4007051115
4007051120
4007051125
4007051127
4007051189
4007051211
4007051213
4007051228
4007051230
4007051234
4007051280
4007051286
4007051300
4007051314
4007051360
4007051366
4007051511
4007051518
4007051525
4007051577
4007051585
4007051615
4007051660
4007051681
4007051682
4007051685
4007051687
4007051703
4007051733
4007051877
4007051878
4007051882
4007051887
4007051911
4007051983
4007051984
4007051991
4007052002
4007052006
4007052015
4007052016
4007052020
4007052035
4007052070
4007052082
4007052088
4007052090
4007052158
4007052168
4007052220
4007052226
4007052359
4007052360
4007052388
4007052400
4007052520
4007052521
4007052535
4007052568
4007052627
4007052666
4007052678
4007052728
4007052755
4007052818
4007052828
4007052829
4007052866
4007052868
4007052880
4007052881
4007052882
4007053011
4007053117
4007053312
4007053315
4007053331
4007053333
4007053335
4007053337
4007053338
4007053339
4007053363
4007053389
4007053443
4007053488
4007053660
4007053686
4007053787
4007053788
4007054004
4007054006
4007054188
4007054241
4007054448
4007054504
4007054588
4007054688
4007054988
4007055020
4007055022
4007055076
4007055100
4007055108
4007055122
4007055155
4007055200
4007055288
4007055299
4007055300
4007055455
4007055488
4007055503
4007055515
4007055517
4007055529
4007055530
4007055531
4007055536
4007055537
4007055550
4007055554
4007055563
4007055567
4007055571
4007055582
4007055585
4007055587
4007055662
4007055678
4007055685
4007055750
4007055755
4007055775
4007055820
4007055880
4007055917
4007055990
4007056099
4007056181
4007056233
4007056262
4007056333
4007056360
4007056461
4007056520
4007056556
4007056589
4007056618
4007056678
4007056758
4007056781
4007056785
4007056789
4007056925
4007056958
4007056996
4007057002
4007057054
4007057056
4007057177
4007057227
4007057360
4007057520
4007057555
4007057663
4007057676
4007057718
4007057722
4007057899
4007058018
4007058058
4007058085
4007058101
4007058111
4007058116
4007058177
4007058222
4007058282
4007058283
4007058511
4007058517
4007058527
4007058550
4007058584
4007058589
4007058666
4007058685
4007058699
4007058750
4007058765
4007058766
4007058787
4007058862
4007058865
4007058872
4007058878
4007058884
4007058891
4007058900
4007058990
4007059059
4007059068
4007059155
4007059198
4007059315
4007059670
4007059697
4007059766
4007059805
4007059880
4007059885
4007059962
4007059978
4007500001
4007500053
4007500059
4007500060
4007500066
4007500069
4007500075
4007500077
4007500099
4007500100
4007500111
4007500150
4007500168
4007500222
4007500350
4007500360
4007500550
4007500559
4007500669
4007500688
4007500695
4007500699
4007500731
4007500755
4007500777
4007500855
4007500860
4007500866
4007500877
4007500886
4007500898
4007500899
4007500955
4007500966
4007500977
4007500988
4007500991
4007500996
4007500998
4007500999
4007505200
4007506070
4007507001
4007507002
4007507003
4007507005
4007507006
4007507007
4007507008
4007507009
4007507077
4007507082
4007507088
4007507100
4007507222
4007507388
4007507501
4007507502
4007507505
4007507507
4007507517
4007507520
4007507550
4007507557
4007507558
4007507570
4007507574
4007507585
4007507607
4007507660
4007507688
4007507700
4007507705
4007507711
4007507750
4007507755
4007507757
4007507766
4007507770
4007507772
4007507775
4007507777
4007507787
4007507788
4007507789
4007507799
4007507800
4007507832
4007507877
4007507887
4007507888
4007507889
4007507890
4007507897
4007507898
4007507899
4007507988
4007507989
4007507998
4007507999
4007508000
4007508001
4007508003
4007508006
4007508007
4007508008
4007508009
4007508066
4007508082
4007508086
4007508088
4007508090
4007508108
4007508111
4007508118
4007508139
4007508158
4007508168
4007508189
4007508222
4007508315
4007508338
4007508365
4007508400
4007508484
4007508488
4007508508
4007508520
4007508558
4007508588
4007508606
4007508666
4007508668
4007508678
4007508688
4007508750
4007508778
4007508788
4007508799
4007508800
4007508805
4007508815
4007508818
4007508820
4007508822
4007508828
4007508850
4007508851
4007508858
4007508860
4007508866
4007508868
4007508877
4007508878
4007508881
4007508883
4007508884
4007508890
4007508898
4007508899
4007508900
4007508989
4007509006
4007509007
4007509008
4007509009
4007509080
4007509090
4007509098
4007509099
4007509109
4007509150
4007509179
4007509199
4007509200
4007509258
4007509333
4007509480
4007509509
4007509520
4007509533
4007509550
4007509553
4007509559
4007509567
4007509595
4007509665
4007509666
4007509667
4007509668
4007509728
4007509732
4007509750
4007509799
4007509800
4007509818
4007509878
4007509880
4007509883
4007509890
4007509900
4007509907
4007509918
4007509933
4007509955
4007509966
4007509968
4007509977
4007509978
4007509979
4007509980
4007509985
4007509987
4007509991
4007509992
4007509993
4007509995
4007509999
